 224
 111
 653
  81
 442
 777
  47
 679
 614
 422
 934
 935
 351
 932
 842
 515
 920
 257
 281
 767
 418
 404
 909
 403
 895
 523
 824
 238
 667
 509
 865
 277
 480
 848
 573
 620
 741
 649
 401
 868
 444
 315
 791
 563
 292
 122
 109
 255
 819
  38
 244
 516
 623
 742
 346
 938
 869
 470
 241
 621
 199
  67
 215
 191
 634
 169
 537
  99
 601
 507
  65
 674
 761
 221
 650
 474
 716
 724
 430
 713
 245
 249
 465
 235
 768
 917
 902
  77
  56
  51
 545
 174
 997
 652
 697
  21
 195
  20
 267
 930
 607
 151
 656
 371
  71
 731
 539
 464
 541
 145
 968
 992
  43
 928
 300
  93
  84
 265
 172
 483
 955
 205
 958
 744
 240
 903
  70
 765
 198
 778
 643
 547
 693
 687
 873
  97
 980
 185
 472
 610
 897
 339
  94
  85
 779
 597
 453
 392
 776
 356
 831
 872
 562
 596
 402
 814
 912
 148
 340
 845
 738
 751
 923
 632
 366
 243
 141
 801
 576
 964
 287
 164
 490
 672
 638
 658
 966
 715
 722
 936
 970
  68
  91
 857
 617
 176
 666
 250
  35
 497
 100
 556
 890
 915
 654
 256
 682
 762
 893
 334
 420
 841
   6
 766
 635
 314
 207
 628
 491
 513
 543
 441
 180
 456
 353
 558
 417
 896
 486
  60
 190
 790
 378
 606
 732
 375
 661
 929
 616
 908
  29
 551
 368
 876
 847
 835
 771
 343
 460
 395
  87
 816
 927
 293
 735
 259
 527
 747
 134
 451
 189
 322
 219
 717
 640
 780
 230
  88
 311
 749
 624
 636
 129
 408
 166
 429
 280
 594
 273
 700
 204
 899
 774
 727
 677
 471
  37
 925
 775
 683
  73
 278
 498
 318
  15
 759
 299
 854
 208
 874
 124
 784
 663
 222
 590
 859
 769
 150
 904
 231
 924
 535
 116
 220
  39
 788
 424
 463
 984
  23
 127
 427
   2
 283
 112
  26
 159
 296
 996
 981
  18
 286
 298
 685
 448
 975
 805
  13
 901
 665
 921
 419
  83
 552
  44
 450
 793
   8
  95
 582
 459
 227
 669
 877
 247
 739
 330
 961
 261
 670
 918
 664
 168
 439
 373
 529
 120
  34
 702
 302
 701
 262
  49
 242
 734
 843
 913
 797
  90
 186
 813
 969
 481
 487
 770
  64
 329
 991
 454
 365
 802
 386
 289
 730
 347
 106
 540
 188
 840
 316
 279
  30
 225
 834
  63
 922
 393
 332
 808
 458
 676
 449
 855
 773
 740
 269
 781
 945
 647
 307
 108
1000
 519
 212
 668
  66
 832
 494
 492
 949
 327
 960
 926
  46
 852
  32
 796
 390
 138
  54
 644
 565
 604
   1
 822
 518
 850
  76
 147
 342
 431
 998
 587
 140
 178
 821
 469
 657
 197
 534
 345
 304
 452
 264
 252
 193
 499
 337
 725
 505
 691
  42
 364
 660
 589
 213
 223
  19
 900
 951
 305
 297
 889
 310
 288
 718
 210
 173
 846
 557
 493
 282
 810
 792
 409
 599
 572
 871
 867
 324
 583
 712
  80
 514
 246
 809
 432
 829
 898
 531
 284
 126
 745
 542
 976
 384
 170
 137
 153
 555
 103
 699
 880
 400
 950
 410
 756
 522
  89
  33
 891
 114
 233
 550
 413
 117
 360
  53
 584
 907
 226
 438
 631
 598
   7
 906
 579
 457
 815
  57
 554
 962
 511
 502
  98
 248
 994
 803
 971
 118
 478
  86
 807
 165
 979
 806
 737
  25
 266
 382
  74
  62
 755
 817
  16
 882
 479
 603
 953
 795
 884
 161
 942
 800
 306
 428
 566
 626
 466
 939
 312
 837
 407
 591
 838
 155
 133
  52
 948
 183
 156
 253
 468
 549
 258
 501
 303
 202
 149
  36
 495
 251
   9
 629
 500
 496
 723
 988
  72
 512
 506
 941
 681
 887
  24
 482
 911
  96
 214
 823
 200
 510
 321
 319
 521
  14
   4
 655
 986
 559
 952
 973
 503
 772
 397
 328
 367
 613
 136
 919
 561
 405
  78
 363
 704
 946
   3
 236
 110
 608
 416
 580
 276
 372
 544
 982
 504
 967
 736
 196
 391
 785
 412
 879
 602
 355
 158
 564
 750
 290
 538
 633
 272
 455
 209
 239
 763
 642
 488
 729
 883
 595
 525
 995
 228
 754
 619
 680
 585
 414
 678
 639
 192
  92
 844
 753
 359
 593
 175
 726
 782
 748
 268
 476
 517
 325
 574
 352
  55
 271
 567
 646
 600
 144
 484
 694
 421
  58
  27
 426
 349
 104
 645
 520
 826
 381
 101
  59
 881
 839
 211
 989
 160
  82
 135
 434
 974
 798
 528
 708
 853
 825
 999
 357
 978
 387
 804
 827
 787
 344
 892
 462
 605
 637
 128
 260
  40
 157
 206
 194
 888
 358
 695
 415
 625
 132
 411
  12
 818
 720
 203
 858
 910
  41
 201
 380
 389
 131
 764
 546
 536
 940
 423
 274
 369
 475
 232
 588
 860
 406
 894
 866
 532
 711
 811
 828
 743
 933
 931
 218
 473
 385
 123
 875
 436
 320
 229
 335
 333
 870
 914
 959
 659
 651
 569
 714
 692
 675
 568
 182
 313
 443
 916
 437
 152
 812
 609
 163
 963
 688
 237
 338
 993
 270
 285
 553
  10
 698
 121
 954
 477
 719
 331
 461
 833
 622
 983
 177
 862
 105
 119
 799
 383
 757
 648
 706
 184
 440
 445
 560
  28
 905
 630
 752
 944
 379
 533
  11
 760
  75
 216
 234
  50
 577
 689
 947
 578
  31
 571
 709
 308
 548
  45
 627
 612
 849
 794
 863
 485
  17
 377
 570
  79
  48
 673
 864
 336
 820
  22
 508
 489
 526
 710
 167
 275
 615
   5
 154
 728
 705
 733
 972
 886
 641
 139
 985
 987
 425
 361
 309
 295
 861
  61
 179
 856
 937
 447
 294
 943
 662
 783
 162
 350
 435
 113
 130
 581
 396
 524
 618
 789
 354
 362
 446
 957
 394
 707
 433
 956
 611
 851
 143
 399
 575
 977
 721
 696
 374
 592
 254
 263
 146
 684
  69
 107
 830
 171
 990
 217
 398
 125
 530
 586
 348
 686
 467
 326
 965
 317
 102
 671
 323
 388
 341
 746
 181
 878
 301
 187
 376
 690
 370
 786
 291
 703
 115
 836
 142
 758
 885
