6235
4329
8125
5960
1764
2573
8962
2911
9187
7687
8797
3764
5508
3730
9581
1698
9318
3928
4673
2298
1467
78
7149
6580
6128
4134
4274
8439
9706
1313
5449
6259
9253
4122
5613
1192
7234
777
9029
5759
8642
8966
8229
2427
1393
5792
2651
5111
360
4697
2404
439
2403
6712
4680
9505
8727
5744
1241
2756
614
8045
7643
3330
2492
2800
296
3969
5644
6764
9388
7427
4895
6133
5635
7298
6028
4515
3550
7426
2668
611
6100
8664
1016
9394
8249
7199
5171
3100
9046
6529
8569
450
6155
9350
3835
4692
7454
4195
8331
3752
3205
9267
2142
1949
4658
3057
3423
1004
1113
7350
2499
2774
8432
5832
101
2093
7884
7682
7118
88
4361
3954
6645
7233
365
3470
5768
3067
5939
532
1163
2474
1712
3011
5026
4752
4681
355
9880
4285
6298
370
3538
8512
9530
4953
6760
1783
4408
852
3758
6328
6266
9084
2969
789
4228
8558
4813
2199
8182
8584
6280
1774
3028
3902
1697
5387
8209
8793
7626
1122
2655
4827
9527
8322
2479
1690
2811
2189
6355
6623
7028
3499
6398
8270
6967
279
623
7969
8093
7472
5466
9506
2907
7398
7798
1893
7934
34
5957
1609
5517
3891
9879
2544
5119
7430
6291
9618
8929
364
7574
1260
9786
7520
7740
8247
7782
8336
3121
1890
2891
3158
6590
1862
1160
9436
9319
474
9671
7252
5566
3518
4051
5586
3379
661
5043
2252
2408
184
5084
9768
3196
7652
5451
5637
7356
8356
2972
2171
4220
690
9989
4230
6592
248
8428
7000
4352
6097
2099
7841
3921
6837
2735
4431
7783
2725
608
8403
4968
5271
6859
298
4776
5127
8839
158
6278
3664
2271
3150
3942
7401
9740
2670
3938
2685
4639
6649
1595
1367
7435
821
2649
1382
9079
7822
7180
3221
6089
5443
2160
6293
376
713
6292
4936
2364
5708
442
2925
6746
4765
3258
1687
3465
6535
1932
273
4712
2106
9799
2720
9652
9365
4801
3867
66
9903
9794
7742
9114
8040
9679
4022
1809
2075
3774
5436
3984
9202
9009
7766
9300
4026
9661
7364
7550
2959
1613
8168
9287
2632
4796
4427
1270
3178
4306
3731
6233
3682
9865
9252
2892
8958
3107
1090
2991
8890
8493
5339
4888
4684
4890
4525
1863
6599
5892
791
1201
1438
9857
2335
9418
366
5094
6627
9630
9207
7788
9315
6047
8892
1644
6442
3714
6138
4500
8843
5162
5445
5320
6537
3371
5457
3176
3533
5420
9063
4685
6904
5181
1072
5284
3132
9494
692
7657
8454
145
3604
8566
1053
8976
8317
8117
5882
4988
5931
3233
2570
732
2322
2063
7776
8944
1588
3751
3131
112
657
6606
6376
4041
3548
5062
458
5574
1210
1683
6214
3063
8102
2000
7236
4757
8771
8716
4716
7171
9545
9828
4211
1558
7363
9997
7701
5952
5168
8391
8614
5366
8292
8118
2242
8709
9444
932
6594
6116
1480
9386
4868
8736
6597
9902
289
9986
8798
9556
1490
1144
5441
9209
740
722
3113
4869
3748
1310
4766
8160
5299
8268
3222
9019
5034
3142
5405
7825
3172
9492
1128
5151
3535
9421
4877
1793
5870
6498
6494
9347
6633
8405
9261
9050
620
4874
2999
5934
1366
4927
8417
3974
4289
1283
9731
73
3492
3800
8357
8202
6765
5002
1585
1317
787
1650
5388
5381
8923
2486
8469
283
9194
979
6849
8757
3414
1066
4106
1351
3873
2480
8217
1061
4823
1230
4657
9638
6349
5680
6034
3775
9715
3732
3734
5262
2823
9102
770
1689
5641
3064
6602
6886
6540
1903
5923
6513
1439
2929
9257
8789
9872
83
3322
1535
6068
337
5440
8938
9163
1840
9712
1979
3848
3798
9426
8037
8408
2882
2484
6261
907
8556
6695
4420
6445
9210
3940
5286
5288
1498
824
1380
6777
7851
5044
5066
8154
5421
9429
1556
2437
3053
7644
2137
8833
5913
1702
1485
5344
3596
5951
6319
2987
3400
2425
7147
4723
7714
2558
1597
2494
5678
8126
6869
767
2979
8663
6221
5289
6789
4659
7214
5592
4209
3251
1285
5049
1726
3338
1732
4806
6
7553
2358
4553
3580
99
1887
5257
3105
8721
3953
6308
4450
8325
2193
7112
9282
5500
9716
9165
4555
9725
2227
3655
8501
9409
314
8725
1143
8943
1408
1322
2704
3939
6252
7554
6788
6332
6080
4710
9159
8221
7653
9454
8615
2344
7405
7671
8842
9778
3812
6408
665
6343
8378
4439
9502
3666
9414
5041
1954
1125
4503
4879
1668
1248
123
6524
8524
7602
3137
5154
9592
4986
5070
3443
5358
7477
5334
4690
5987
972
7748
2241
4717
7512
6163
5688
2320
6702
345
8639
8896
7843
4079
7840
8295
8777
6641
8396
9931
9231
9649
4238
2912
4389
6409
6441
4603
1259
9567
3747
7586
7076
8449
5266
4194
8220
7385
7023
1984
8026
9913
9801
4141
2552
1450
4248
6575
1318
2311
2243
3851
7172
5901
2830
8691
8414
7374
3072
4993
6236
3591
2035
468
400
5596
7324
7351
3883
6658
5242
8150
4960
4246
9275
5031
8599
8339
7940
819
6657
1055
9583
2779
8815
6382
6304
119
8060
8546
3952
7695
3834
1751
2240
4182
8954
9851
4107
7217
7322
5564
4992
7930
313
4660
4019
5568
2617
4635
8660
3995
570
6031
776
7845
9289
7293
8804
8284
3741
6477
6548
8425
5018
2803
2483
8146
3606
9437
2368
3013
5177
2812
539
6690
4576
5762
5169
4050
8437
6986
6503
9620
3702
4552
3246
825
1093
5972
2793
3377
5773
7556
2603
2932
9624
2389
4193
4445
4661
7382
3091
286
6419
8398
6809
7126
1844
2941
1536
2313
917
7349
6701
2220
3224
3770
8668
6268
8880
5167
3792
3870
2034
3546
3615
3328
131
4383
4180
6389
1443
6905
5072
2126
8811
6183
9847
3597
6792
2305
3380
1030
8368
9509
7093
2452
3706
7899
448
9173
5157
7649
4774
7369
973
7423
1942
6374
5045
2461
5647
9023
8032
7387
6171
2819
3886
929
8827
3513
11
6478
3505
2174
6842
2788
6301
4159
4554
842
2755
9487
2935
1155
7502
7689
1971
5789
8294
9430
5698
617
5650
8576
7647
691
7371
1973
1437
4178
7348
7696
2454
3093
24
3881
33
4971
6093
2014
4121
6851
4913
6072
6282
3207
5595
146
1665
7224
7738
4507
8138
9011
8019
7736
98
1659
6004
8028
8027
7327
2777
2813
6687
2025
1541
5150
1512
6937
4762
4035
7240
9091
2898
1307
5672
9777
198
8415
7174
8861
9489
9928
1343
4085
3259
3637
5379
5132
2559
347
1157
6365
2269
7176
9387
8064
7837
7865
6773
7567
958
7395
5472
653
4233
7815
5950
7331
464
6718
4327
1497
4907
9146
4649
7201
951
4108
4933
3929
9779
4783
5554
7564
1179
9182
9695
6601
3141
6055
914
8442
445
2900
9512
4421
8606
4808
2970
4789
6993
5255
6246
2758
4444
5846
5656
7675
5411
7794
8452
2300
6763
9077
9730
7673
9555
140
6713
7336
2013
7412
3625
3847
3191
9639
7129
4667
8109
7109
3956
4547
7532
2337
2591
6784
2820
8549
3332
6619
4705
1503
6868
4768
1920
4052
7116
2038
2878
9313
4407
1115
3897
560
8561
1812
1993
3815
319
4901
3308
7003
5327
630
5674
7078
993
4522
4826
4382
7804
5030
5718
2535
9206
2945
8210
5622
5008
9602
449
8167
5871
9540
4326
978
3204
96
4271
4485
471
7318
9696
5634
7908
8919
6239
4038
8397
9966
3192
5737
1851
6876
2301
1723
8939
1921
3875
8086
8726
4240
9016
502
9377
9507
8527
680
3236
8100
2323
3767
7534
7378
8043
4591
1772
8908
8071
7709
3248
8055
7280
472
4229
1397
8113
8808
9871
2355
3109
5161
7253
4098
8077
6184
4086
9894
913
6121
8988
8774
9147
4688
2274
1079
9058
8857
6482
1376
4622
5880
2015
649
7612
7022
3876
5003
6251
2918
6968
6661
4259
7448
2435
8533
3174
8005
4952
9380
8891
9451
8296
5599
797
5300
1765
1602
5035
2998
5835
2306
2894
2587
5093
588
6942
934
8096
4151
9808
6324
2816
1059
268
7479
3220
5886
5894
7471
8328
7758
5813
6769
2317
6872
6572
4937
4398
6768
3753
4073
2443
2299
4763
9780
5337
8110
3260
716
1633
7227
3286
1065
8951
9971
5089
718
5958
9933
3275
2164
3237
2762
829
1446
1075
805
6754
1106
3853
5178
730
702
641
257
5275
5490
2515
3623
8214
5077
8936
7333
2067
4269
7500
6830
1362
8783
6493
9167
7589
2100
1970
9290
6287
82
9985
9941
1943
8787
3343
7207
5196
6397
6997
2893
1252
6879
9468
5276
6560
4319
1237
7952
7452
8702
5878
3742
8817
6112
5477
6638
7270
9276
2994
299
4520
4158
3441
3718
5131
4999
2234
577
375
8780
9667
3793
3788
3894
4508
7442
5524
1873
3482
5293
6923
4461
8602
846
6679
9026
8089
9235
6629
780
9754
2808
6930
7135
1955
8057
329
3146
3981
2768
3396
857
4337
9987
8128
41
3622
4771
1578
147
8633
6013
4878
2885
7590
5401
4792
8508
3046
2609
5024
164
3234
4608
2282
2500
4542
8927
3975
6440
87
7346
4924
8519
3662
586
9936
3154
5511
1373
1095
3326
6669
6141
5903
6330
8173
74
8616
1491
7136
7413
8875
5983
3998
8444
5993
5195
4168
2821
9324
3661
5580
9938
7071
6380
2792
7082
788
6981
1114
2481
2021
9355
3388
2531
9631
6160
4010
5251
2700
864
2388
8737
4510
1196
7933
1738
9362
490
582
2176
1375
1337
9668
8981
8985
4429
8337
453
7026
7630
1272
9750
9325
4950
7393
4540
573
5918
4606
334
3801
786
3510
881
5032
5368
710
6823
782
536
7033
3694
4437
1605
4590
1680
7347
1577
5703
7997
4706
7764
8854
4536
9283
3680
5128
3268
9686
8699
4451
1368
8159
8163
9135
4340
2658
7639
3687
5082
6459
8082
1304
694
6457
6557
4764
6240
7259
8361
5875
1177
1170
2109
8724
8690
4330
9021
4292
4430
5859
4287
3986
3036
4225
4312
1085
5814
4829
3367
9669
2377
3399
1987
554
7631
5442
524
8541
3117
7712
6060
118
81
817
1786
8212
7429
8193
2955
8960
3023
9521
9814
1716
5982
7241
3431
9961
4243
6321
2663
1735
6425
8959
6566
4489
5236
3573
6833
4780
2005
3206
866
6058
1598
3586
5297
3345
8456
8932
2933
2393
4867
7326
9687
4288
8172
4012
946
2055
1209
5189
1830
2346
6471
827
8703
4286
6185
9396
141
6588
7470
5079
7343
6226
9681
4628
4091
2773
8796
8332
8067
1606
8705
7878
8832
260
8090
7964
2115
8401
6331
3725
733
2039
9954
7375
855
7020
5786
6663
1780
1360
8564
4068
6036
455
5175
2391
6244
2807
4167
5822
1872
9121
4460
7310
2997
9949
8567
1361
1046
9571
3458
6933
3129
4732
2503
4941
8799
7785
7918
5410
4571
4731
2523
9497
8149
1750
287
3342
4940
7526
4418
984
9
5134
1297
7625
8972
6978
7496
1047
5953
8933
848
7173
467
8688
2732
6656
546
7946
4528
2766
2329
1866
4048
9035
361
4834
9724
9994
2451
6201
892
3888
2146
4016
6596
808
5124
5991
4883
9508
7228
5804
9301
4865
3910
9109
2860
4310
241
9399
9575
1919
2105
5092
9748
7403
4643
93
9788
6898
5775
1802
2872
1707
3934
9461
9727
3138
4818
309
9839
5417
5498
1178
3776
9361
8965
2533
9600
9007
9882
693
6673
1080
9874
9095
134
5889
5588
6313
3723
2625
8485
7304
3737
7396
3413
9368
7406
7222
2057
3520
8770
2168
3324
1601
6877
5617
952
1779
1418
8436
3966
8479
3545
2843
2224
9723
2229
3685
111
4650
6913
2846
2149
2040
9972
2844
5323
561
4442
1056
7194
5146
1258
1563
5936
8222
4533
9096
7021
1292
295
9582
8108
2208
9270
175
6637
6231
5007
2260
7064
9562
440
2637
1852
5365
64
6048
6621
3692
3055
8312
2702
3419
7389
1649
4028
4316
2848
5110
1966
6999
7926
2996
4235
4009
6847
2565
4201
9466
3626
628
2028
7036
3306
5608
4457
7191
1620
6449
9128
6984
5922
3930
6801
6595
5662
4018
2976
8575
1937
8693
8609
4459
6655
5763
7809
1589
2568
2407
3391
7018
4087
7801
3110
59
1877
2054
6688
2469
7397
3719
8734
7864
3982
4092
9795
2279
828
7715
2045
1220
699
6192
1756
7265
5745
4889
4190
3090
6174
8455
2967
6554
2134
9385
1940
8646
5185
1778
3252
7177
5467
2216
1335
6887
8009
5163
8902
8189
615
6234
3967
4080
7529
8870
7791
5186
6216
936
3016
7119
656
5990
9178
3163
1009
8369
6149
757
4031
2219
9771
4452
8099
7212
3503
6527
3864
2751
8000
2339
2614
2943
2325
9055
654
1384
1886
2432
395
802
8029
5852
3641
5614
525
2497
643
2832
6961
2864
7150
9018
2646
9410
2212
8784
7743
6545
7182
5374
7974
4850
4320
4396
8995
9604
5544
966
6082
1058
6856
2576
9161
8971
7980
6725
587
9821
8916
884
4070
1027
7949
9005
1224
4074
3959
1989
3549
8577
3568
5562
1296
3170
5182
7599
5348
1268
893
8257
9493
9806
2359
3511
5653
5527
8744
7484
6743
2004
9401
3841
8363
8367
1140
9219
6934
7063
4696
1458
1520
4279
4081
63
6342
4672
5640
2886
6241
187
1236
3919
9012
6424
3299
5229
7009
6432
6827
8309
4786
2466
7455
906
5135
8420
4186
193
7730
9342
9078
7025
410
7411
3153
4584
5281
6242
199
9773
8980
9869
8978
8187
2290
3613
1217
1891
7152
5788
6460
8521
1548
1761
7686
1064
4013
1745
3736
2490
2857
3787
4334
6327
6406
5438
9738
4699
2890
662
2488
970
2158
7108
7094
3698
9924
9184
8300
2595
8955
7539
1028
2003
1719
6081
7985
7600
5876
4136
2011
6929
9148
6427
8421
698
4978
478
6417
5238
4034
6723
4057
1946
9482
3553
50
7605
4464
8434
137
3015
3043
5799
7289
6358
7161
5507
2789
687
2112
169
1839
1429
1744
367
5129
8739
1826
8324
8122
3266
4146
772
5219
9415
8171
425
7834
6223
1436
3026
4664
9348
3445
7056
6363
4880
1256
8016
8992
2507
1645
4539
3277
8387
6912
4143
9974
9296
322
1755
1174
9241
4751
5646
5340
8365
8950
6092
2187
9914
3493
1653
9853
2448
9062
8641
6640
371
7906
8134
4000
5560
9059
8035
673
341
989
6334
7513
4030
7796
9984
1705
392
2782
5893
510
1916
2791
3044
6485
3709
1725
6455
5080
1018
7720
8563
4946
7629
9981
6811
9656
4037
7854
6750
3065
3364
1591
4800
1489
394
3572
6039
2798
4360
6136
2750
9101
7716
7842
6805
1401
3315
9274
8158
9452
7645
2438
2984
9322
7787
2349
5857
1453
4479
4380
5393
2870
1931
9015
7261
3151
8123
194
2154
8601
887
8424
3863
2635
751
7464
8824
2626
5713
222
7383
8354
6995
6067
512
8631
3882
2268
4859
2771
7057
4915
3411
2422
4804
304
668
3677
2383
2983
3476
5246
5542
8088
5749
4997
459
1435
6708
4265
5904
7196
8169
4856
6813
1529
3160
8989
7638
8406
7305
7555
3102
1267
7939
7462
7902
6975
4363
6076
6318
2718
5016
6187
3656
1623
7493
3500
9169
4836
7943
909
2197
3401
136
1086
9888
6383
8917
23
2622
5051
2356
7991
6818
9103
3949
4381
717
1733
8645
5005
9766
3112
8180
871
2696
7870
8700
9763
4917
9203
4689
1918
444
3885
6270
6152
4062
5145
3632
130
9752
2825
6714
7468
5313
5061
2440
1854
6871
7542
1947
212
3889
5693
3175
1828
477
660
9134
793
5751
5058
8761
6361
4331
8910
6338
8801
1836
305
8393
2754
3849
8272
5279
3440
2641
675
6855
6212
45
7654
2233
6035
3309
9901
5704
5375
8751
1768
3394
3472
8672
5895
9605
2520
5399
1264
8153
5479
511
188
223
4683
9327
7138
1468
1492
1504
1449
4277
3403
5732
7453
433
9034
6884
1791
1788
3287
8293
555
921
2367
648
8478
2867
1097
2790
3808
3900
1528
9072
518
1743
8650
1544
2824
4434
7081
6390
1287
7745
9622
7828
4256
6049
126
4227
4852
5935
9181
1516
7016
8310
5335
7156
6944
2151
4458
6504
202
274
9302
9767
8603
2245
8579
1614
7749
2163
5740
4139
2046
1295
7693
756
191
6154
2107
7666
5142
1922
631
1671
9070
8830
1022
2764
7528
7735
3253
9066
6263
4170
9825
5107
7982
6739
8906
5085
844
2402
5851
1762
2471
2459
9379
4354
9587
9419
2512
1709
5883
6846
2826
6826
4961
1587
7114
7846
9635
7148
3810
9069
6438
4980
6107
7651
9718
4904
9199
7648
2363
9785
5532
4370
6117
6822
4149
4496
9498
2333
3977
5831
1311
390
7153
2850
4916
1621
2618
4742
7802
9608
7757
7698
7264
1294
5589
9560
8618
3674
6345
5823
9268
2817
3743
8201
157
5518
8550
1363
5091
5088
8114
1574
658
7530
3726
3498
7239
6522
3781
125
7300
2554
5734
7101
9640
5917
4468
8513
2095
121
415
6132
3911
2129
9432
262
5025
669
6808
9688
9113
3868
9104
6643
5280
7957
2347
7996
603
7257
6264
1495
155
6279
1737
2712
6534
2159
4839
40
9010
4355
3408
2809
5691
3554
6615
2450
2847
3807
9197
7157
9175
2475
1187
7434
9900
9849
1392
2460
3937
2665
6521
6027
9547
3495
1728
2276
5455
9490
7731
3512
2633
4075
9907
1391
3361
2659
2007
7636
52
6299
1461
9883
2736
8014
1800
2645
5998
4812
7769
3276
627
5796
6617
626
247
7490
5011
2362
2604
267
6731
3219
5576
6862
9188
9504
1276
9589
7849
8627
6402
7728
6130
9256
9214
2074
414
2667
581
6105
9003
1341
4303
1600
5118
6002
7440
6497
735
2954
8445
2971
7040
517
1049
2061
9673
1214
7422
9662
6563
3447
1328
3845
1457
5069
9484
6021
8547
8882
1664
6544
7192
102
9896
1509
3244
9472
5707
3658
3350
1581
4318
9460
9179
6333
3455
9459
3657
1627
6922
1282
8283
2334
2144
2221
1026
743
4169
7971
4395
3983
3145
4345
6786
1630
3161
4599
2009
3179
2139
6143
637
9422
4614
1910
8779
7540
3061
8617
7987
976
7598
5919
2473
3676
6706
5385
9027
7832
8562
1101
8399
8881
7299
956
8869
4676
8308
6907
1517
3532
1265
7792
3049
6413
4400
6230
5100
210
7705
6273
1961
765
2776
3384
5291
2647
8629
4422
4027
3185
3130
5587
9845
1856
9457
2605
9323
509
3385
5193
8586
4721
3029
7044
9006
8258
122
1242
7814
5582
8443
4242
1239
7786
2840
7919
2678
4866
5609
5584
2310
5865
8183
5017
369
291
4453
3782
9168
9544
3799
6565
2354
4263
3960
6532
3541
6062
2769
9045
1315
4955
6724
8738
2537
4250
4160
3041
737
15
2147
4208
2993
8345
3636
5684
3555
5985
8203
2923
6071
8805
6662
6691
4828
8470
1151
2077
8385
5153
1686
5430
4317
9349
116
8666
4273
1902
6057
3821
1857
2051
1186
538
7812
5724
6101
3228
7355
7896
7319
9531
4101
3074
8580
7458
2215
6295
8402
4112
1610
7062
4481
2839
7242
8329
8785
4645
8993
86
7998
3327
9862
79
2150
5506
3633
5172
6710
894
6919
2405
3935
6873
7780
5550
9627
1278
8194
7287
3376
67
5117
8708
8207
916
5298
830
8334
2589
965
4266
8144
7632
1651
1274
2020
8330
7381
2059
2439
6434
7684
8011
2445
6815
8543
3963
7303
4443
9390
9306
8500
5098
5709
9076
220
6642
9781
3035
5492
2132
7881
671
2577
506
5099
8192
2639
1699
8982
2960
9980
7043
4811
4559
6671
8718
9130
2827
56
7163
2795
2248
2814
342
9108
3393
9609
6772
8620
4580
3791
3217
5624
9150
7961
1596
333
1134
2414
1433
9591
2250
7354
5689
5230
600
4837
5059
3337
5710
4749
1035
2401
6166
2184
1848
5577
9899
7357
8095
6206
8261
5174
9573
6147
3813
5522
5200
5926
5805
6749
1015
9670
681
55
7690
8243
594
3466
9751
8877
5699
4301
6924
7781
9792
1193
8835
43
6461
4502
6017
240
9534
5184
3382
6737
3084
1766
1521
9087
4669
7885
2261
4365
1281
4956
8156
4113
8595
7409
6310
7658
5967
5322
3439
4860
8053
8806
2737
3412
8907
2989
9491
2292
3980
8977
380
4777
2628
9518
6238
3450
1473
6568
1127
4557
5677
308
8559
6142
8864
3263
5164
2302
7445
5367
659
2689
8056
7726
6366
5277
763
4544
6430
2691
4249
4099
4788
8137
1543
5351
5345
5619
1487
1567
5252
9678
1350
3073
6531
9807
4171
2810
3506
203
7124
5
95
2904
1434
1271
3213
8282
7080
7245
1952
1353
9838
6016
5848
644
2805
2420
2752
5658
6208
486
465
1553
1402
6616
2887
9886
4175
4734
4298
8236
3562
9612
4656
124
9820
6359
2226
8790
9877
454
4678
1126
383
3149
6953
9359
964
5616
6844
9675
2682
4391
6373
4741
1462
2728
9141
5104
8407
9692
2977
8022
2042
9344
7577
4163
228
7019
6720
2527
5605
1355
4550
8063
6420
9223
1944
9371
7419
7195
8578
2267
2217
9192
9873
1855
1388
2343
6202
5290
9090
803
2050
6515
2165
4216
8389
266
954
1923
642
5747
7601
9643
1175
4967
6915
822
6900
4346
4384
9682
4881
3366
2430
3651
7084
5504
7159
5911
8400
6989
227
6393
7130
2613
8148
6878
9623
8244
3950
2495
328
7818
6882
2666
9800
1396
8304
1904
3855
2693
1247
3712
7210
2395
4822
3893
1302
849
4830
7515
5578
1759
7922
225
7560
5663
1953
2765
1409
8340
1652
796
6250
6707
9139
4516
5244
7145
6009
4831
897
1364
592
3007
5187
7060
3720
8371
773
251
4004
7034
3640
2312
2877
1299
7461
9083
4224
7917
8767
1116
4817
6157
9898
8537
4575
7958
9755
9008
2008
4476
2351
2123
1054
7519
2883
7737
3461
4065
2650
8945
3200
9395
4574
443
2442
9951
5389
3701
2724
8689
9637
5538
5261
1327
8344
6549
6444
5615
2392
9549
3357
90
5735
7332
3125
5755
4313
8581
5777
2056
3325
8360
2797
8065
540
2899
300
2849
7329
2156
2485
683
8490
5815
5984
9850
3020
6006
6604
5408
523
326
5874
8231
391
9271
6736
5285
1094
941
2275
8466
9333
5116
7606
1546
3862
2114
3365
7006
6281
5353
8922
3290
3218
9246
8280
9245
9428
4619
5930
7335
7373
8423
6870
4613
6053
2201
6095
9564
9887
5431
8496
5944
8829
519
5223
483
5209
723
7691
7186
2566
7146
505
6260
5397
9842
2069
4109
4549
6593
143
7886
1369
1233
5103
8267
7105
8038
6829
409
7929
5333
5969
7338
7325
918
4260
6296
1999
1660
1837
7833
7867
5038
1564
7960
9105
8952
4958
9106
4564
2539
2652
2195
6045
5384
7286
7892
8697
6098
3451
481
5263
6685
1142
7097
4311
1424
9119
2656
3416
8008
6577
4200
5625
5970
3128
3717
3274
4636
484
3231
5841
5861
3085
1352
3116
2674
9495
1905
7669
5446
396
2022
2463
9520
7803
2235
4404
5945
4343
1960
8522
9831
1570
3165
1060
7663
3383
3627
8350
3569
8097
4110
6360
748
4677
6391
249
6169
3075
3892
139
5600
4626
3704
2370
2398
6346
7522
535
7457
4432
2204
4132
9909
9004
7143
2915
4589
179
7436
9634
7140
7272
5826
9732
3691
8621
6585
5869
2532
5305
2371
991
3195
452
5583
2068
7508
5916
7592
9690
2210
7875
8926
35
4670
8750
6525
4463
6431
5754
885
6010
1234
2319
420
1008
5202
4962
9384
8701
1426
7634
6003
5461
9478
1545
9488
2596
7611
6368
1547
930
8636
7514
2709
7967
4483
9332
205
4604
9228
44
7680
4848
4514
2449
7315
7055
7593
3609
9449
8321
2493
5489
1648
8227
6798
8715
9524
2316
2501
7904
3943
7510
3647
9224
5250
1506
1137
1803
4116
1827
6213
3239
685
5057
5364
7358
8195
1300
6129
8457
3838
8570
6079
8506
297
4258
4218
6357
7002
5109
6546
3618
501
7392
5402
3422
8961
7874
9632
9501
7774
4448
6980
8624
5121
5843
2697
9153
700
1223
1231
69
6466
2270
6694
6536
1643
138
9060
9470
4972
513
2232
4969
9757
9285
1815
7200
2458
8822
8749
975
1411
5404
5669
7759
6839
3923
5469
9734
3089
9303
8305
6780
5776
944
8720
3542
8526
715
769
3202
5391
9233
7655
2065
6502
5779
1753
2017
3050
1724
1245
2102
5999
3351
68
3054
3099
3880
3032
650
5052
7504
5138
373
3133
8003
7237
2086
1604
3319
8041
1736
4296
2963
8253
8006
4449
6721
3824
9092
9423
7973
5667
4411
5302
9511
8338
1554
6224
3918
6222
7863
9822
7285
6167
7
1069
3421
5787
8840
8975
4467
1799
4698
6799
938
7390
3912
6757
8054
3339
3904
1152
6607
4433
8264
7921
8987
9861
5437
4198
5027
3144
8753
6400
3000
7466
3817
2836
5160
8129
9905
2608
2318
4436
7099
8348
1050
5671
7887
9346
528
2083
3334
1901
1695
5962
8746
8390
4596
6127
4490
3197
3457
6037
4779
9514
5488
4405
3323
4290
6379
7203
6770
7096
1493
3140
5495
8313
9904
9859
7100
4410
1213
813
2135
6632
9644
4093
128
4707
9642
8239
9802
6437
1112
5601
3045
1277
9022
4077
4674
7456
7225
5086
2464
6275
5765
2496
1662
655
6377
7724
1635
5845
2044
6423
9174
3010
4797
3684
4423
2540
8707
3255
3270
4700
926
1081
3711
9753
3896
6932
4991
2975
8206
8431
6125
6729
4737
3971
7733
3526
8813
1191
9860
8694
1673
4925
8585
9473
8083
6474
4487
3444
9242
5272
9677
1165
503
7789
6306
3346
2332
3201
243
3846
3226
5141
6083
5412
4977
7164
4222
4043
8544
8517
2516
7511
2905
6974
5752
9611
3879
2657
9440
6901
6196
5690
4943
2958
8741
8288
2564
1074
7258
5076
48
8934
2946
487
1306
1257
6785
6676
4203
4693
3480
2280
8061
3284
6956
435
6665
612
5170
6378
9227
3667
4023
2672
492
3823
9967
7438
489
1594
6452
9028
9200
4562
8878
7439
1878
6085
1820
755
1824
2707
6854
1168
3203
7679
9273
429
6446
1379
8554
638
2428
3642
7965
7820
3874
9658
7255
4973
9265
8450
9463
3425
253
2284
6468
8820
9812
652
4357
6403
2148
5850
2049
8245
372
3829
4071
338
6447
8477
4527
7168
2835
186
4036
7951
3387
2426
879
3650
764
4513
9663
9374
9312
754
9140
4478
4791
2386
783
2255
3529
753
3592
8418
7450
2097
5825
8909
7692
674
2804
3317
4611
4873
2205
790
4853
7221
4417
8792
6179
9191
1404
5112
9262
7664
405
2837
2247
4115
2202
1336
7725
8463
4413
950
5540
2397
1539
8152
4172
6674
8467
7497
2881
2190
4647
1290
7367
8557
3715
9910
7668
6210
9100
3598
6106
1346
2683
1499
4295
154
8081
4089
1688
3796
2374
4793
9804
2744
8256
177
3052
1321
1658
5398
961
6317
8133
4621
3544
1991
1420
5794
1303
419
1566
436
4484
1348
1958
6126
4414
8758
3593
8211
9314
2465
3183
5319
1559
7117
7399
9404
5105
6816
7911
2491
9136
9516
7103
6064
5844
3079
5741
3094
2016
263
9111
8277
5273
4480
7415
3648
3188
3092
1249
3558
9776
7827
1825
616
8291
7414
285
8821
3436
7756
7795
2084
9852
7770
8903
5363
2254
7190
8012
8528
3381
878
6102
256
236
31
10
97
422
4964
9143
8865
159
14
7741
6326
9774
2845
6520
1063
4651
2567
4872
5403
3335
1549
9406
2457
9970
7672
2489
1580
2980
6654
5114
7831
8251
8769
8858
434
4307
9310
889
2456
2630
4760
3603
4816
4129
2919
8661
7088
6384
5292
4662
2376
5523
1309
4629
3993
9317
8068
774
1405
5809
5183
520
9398
404
925
3859
741
922
8766
4665
9198
4338
1471
8947
5761
9915
441
466
9480
2598
6186
9588
7641
2884
7568
6753
3844
8852
7421
5310
6787
2037
5516
280
4369
4951
9131
6140
5837
6320
6998
3933
2001
1037
8299
2192
7123
4440
2026
9464
2698
1710
6518
2951
6150
6410
6896
2361
8233
7014
7048
667
5462
5087
8535
7923
2956
911
4947
1997
9846
482
810
3159
6711
3887
1129
2739
8002
5176
527
6727
8637
8248
7588
6761
239
6510
6916
9293
7807
9137
2653
9939
4210
6538
7243
8723
1950
2444
7819
6453
4795
5995
4179
9917
165
1131
3631
766
3462
2579
3435
5536
2642
7609
2091
3850
3605
1639
7717
3485
8826
6496
3448
6464
110
3273
1442
8657
9844
3245
981
8589
3310
2352
2431
3034
7656
3374
7113
354
2856
7446
8915
9243
4104
4137
4064
37
7095
7942
7449
5868
3909
5767
9546
5476
8438
1502
4843
7753
211
3574
22
5700
8622
1797
1261
5456
5075
3453
8605
5422
2866
4805
7702
2288
9626
3610
473
2157
9841
2345
1202
6274
276
6562
6624
6302
5879
2730
724
1148
2928
8825
1634
6828
9043
7184
5966
9552
10000
7425
541
8967
6492
3789
2213
3922
2396
2324
7073
9474
9737
4124
7501
4377
331
1273
1342
2127
7938
8548
5661
9714
4252
2131
9389
3241
550
2796
5214
387
9250
9959
1631
2749
1062
4147
7481
4948
742
5541
6523
4586
4217
3675
4601
3686
2172
6454
9707
1821
7955
6341
4325
1425
6920
4898
6204
115
2721
6000
3155
3111
1741
5753
9995
9916
3318
6490
7235
9149
1212
9033
745
9220
7037
3530
9830
2616
7407
585
6119
8628
559
4202
7492
4845
261
2218
7797
905
3101
5346
8205
7330
902
8228
3557
1508
8866
1176
3302
1789
2423
8520
1964
839
1099
2256
8349
103
2094
4321
217
7811
1625
7565
3722
5534
5986
4640
3008
85
9383
3214
3066
5485
5818
8775
2076
6598
3127
1647
348
4403
3487
312
841
6426
3486
1842
5897
8755
3978
2519
4644
8004
9893
8507
5278
2876
62
3578
9743
2995
1524
5454
4876
5306
4349
9797
5314
5383
9993
2968
1263
1936
6963
1935
4204
6094
7900
5409
9032
9483
9248
7537
8311
2161
6014
2513
1394
7566
4631
2196
9292
3567
8278
4790
2581
2498
5056
7274
5478
9741
5927
2185
5937
6225
1928
4123
6043
8999
1530
2906
4798
3783
269
2607
3865
1386
2036
6245
8395
4281
3006
1414
9790
2794
4177
580
4426
2023
7615
7151
5621
1771
7708
2281
4135
9829
4844
1452
8573
2060
456
3795
8358
9196
5856
9024
7931
462
6109
7041
3814
4857
8571
7541
378
5259
6500
5912
3098
8502
6495
8802
3056
2225
1994
8759
166
3607
389
1251
3617
4308
4232
5147
4140
6888
1677
4100
3697
2775
7703
5793
1885
104
7548
7447
9462
706
7620
6286
4718
1640
6745
8177
7582
8301
4814
8175
2230
3629
1052
1293
4728
7805
9787
9817
1108
2671
900
1229
4472
6193
915
3856
8226
38
3120
990
1203
1051
6443
6705
4174
6793
9378
9528
4954
1150
7488
8208
4769
1926
9962
9805
3058
7707
3579
8984
7042
7944
2502
2562
9049
377
1739
3932
8722
3347
5137
3208
1105
3164
6697
6717
4247
3257
9881
9923
1235
5474
3479
8974
2079
2548
6203
8538
3264
6480
5373
5294
7808
9053
1847
504
801
1667
1592
2569
834
8106
1183
6195
5304
2222
5712
7722
192
1956
3779
5808
8871
982
1005
3973
2410
3501
5887
6353
6364
2965
5626
4570
5270
9553
1740
8930
4506
5453
16
1040
9331
3962
8914
8124
2058
5047
1206
8285
2307
7897
2710
4509
3739
9263
3293
8132
219
1068
4983
1562
7575
3289
2128
4820
327
9085
6969
5559
246
4103
8353
6309
3329
8275
2070
1626
2024
1526
8555
6800
1320
901
3497
8845
4838
4926
4711
5899
2103
411
8704
5452
7670
3060
860
873
4556
7127
6810
7953
368
5514
8968
5558
1109
854
4637
5798
8274
3254
4773
457
5594
351
8375
5652
7339
880
2223
9945
3842
9689
3471
4565
5611
2799
1925
1445
2029
1211
32
2400
7296
7137
3519
9958
7284
6253
7372
6782
5216
8540
4300
4747
5444
2522
5429
8732
335
4379
4583
4504
3620
1805
2853
1657
1102
3630
3352
7771
5932
3095
2417
9810
7187
8465
5681
9559
3759
5341
5232
4653
5220
8135
9947
5427
13
1117
1527
244
9082
9030
8747
7591
2705
7494
7909
6177
3780
6243
8893
2729
1790
3005
6303
5354
71
9151
5494
8686
1413
1655
1988
5447
4378
9372
4488
9071
2175
494
597
6005
171
5382
8905
4348
3763
8670
9225
5287
1853
4376
3768
5928
1611
996
9110
9803
9956
6428
5264
7185
9607
9543
3577
8898
234
837
8635
8382
8913
357
8623
647
5125
5575
3456
1965
8731
5211
2413
8885
7990
1153
343
100
5817
480
4730
8298
3805
9699
4042
5978
2690
3756
2072
7617
3229
3031
2873
9189
1389
7888
6294
9963
3804
8062
9259
562
4841
4618
7301
7263
8392
542
8302
2676
3584
7302
8121
1254
9990
5376
3884
9222
7278
2711
7975
8904
845
2838
7779
1141
7340
6533
4543
6940
8119
8921
1496
6199
6012
7404
7531
3211
4648
1898
7144
2611
6159
6817
7640
2621
8648
1749
1813
1195
4387
4491
8743
8471
6348
4802
6108
7244
9840
6228
8433
8376
8460
2214
2416
3547
1010
4473
8076
7069
1312
3696
2981
8080
8140
4011
4735
9145
3582
7068
6838
6156
2244
6586
5218
7460
2272
7913
6719
5610
4930
336
4005
4727
8333
1721
6307
3772
9160
4332
6850
2903
686
4155
173
114
5921
8199
6756
2082
4772
1398
556
3009
6188
6790
201
9920
5910
8104
6352
6300
1036
6415
8901
4254
2385
8671
2297
1752
6831
2640
5948
8948
5106
2381
2304
7862
1845
3878
9739
3757
9940
2415
4886
9272
7334
7925
6110
4994
2942
6061
3059
9664
5510
2429
277
9458
2917
8318
4358
5090
6007
5423
167
8884
4368
4512
7710
5329
36
5015
3683
9858
9047
2378
6569
6249
6019
5555
1832
214
5136
856
3649
8765
6636
3744
3901
3279
3832
437
4671
1501
2470
3474
4401
120
1472
6539
2296
4353
8101
8619
558
8509
2286
5828
4945
1002
423
9519
2090
2287
213
903
5101
5549
5317
8265
5866
5415
4998
7087
6530
5979
207
998
5905
4498
431
1636
4385
9775
7752
7054
4782
4530
8127
4156
4709
6715
3272
3543
2593
859
4007
5470
3521
4095
1253
254
7830
7979
6519
1507
8659
7391
325
8669
9606
8684
3985
9363
7871
5143
6015
2062
6297
5738
3559
7432
317
5102
2913
7122
4541
9264
4470
9093
712
9603
1718
4918
858
7359
9453
7677
9115
2027
1868
2619
695
835
7936
5239
8809
8179
1451
8941
7247
9561
1715
1829
5144
7418
850
7650
2119
2818
9001
5046
9701
3644
7665
6165
6385
1349
8711
6467
9020
3968
9166
8752
9864
7747
8472
2338
6564
8213
6819
5790
9249
5473
2249
3713
9412
318
8468
1730
6880
7813
4523
9579
3122
150
8696
2116
8911
865
8807
4891
2186
5639
6148
4568
3908
7360
8489
3369
6618
6469
876
6698
8816
9481
533
1454
8074
4017
5959
9628
2206
7621
4701
1963
1156
4072
5248
8033
8166
1656
3358
2875
3397
5316
3473
4212
4083
3477
910
9601
5981
1959
3575
9172
1787
5719
7005
4128
4002
4920
5036
7914
9052
3288
1477
838
8170
5458
6928
6825
9721
3182
705
798
5954
7852
6552
6229
3534
9937
2927
2606
2936
4682
8996
8612
9952
9499
9577
8593
8255
6262
3261
3802
4119
1280
2895
1227
9538
9465
7341
1098
5029
2357
5976
8034
7727
9711
272
9193
9094
8242
1460
5770
980
779
4270
5557
8846
2110
3564
9912
3948
4755
7662
5325
7012
7029
785
8680
8316
6960
9884
245
6118
218
6591
5721
6207
6556
8788
4906
4965
8565
1329
5071
1889
8679
7596
1132
6571
1184
6958
3703
1007
7661
8897
4524
7527
5356
7889
5612
6666
2477
8323
8481
6678
4778
7995
2601
9891
8510
5180
3988
9906
6024
5390
1696
3301
6947
4039
3672
7704
7848
9918
3708
3693
3673
5068
7954
6265
1415
1194
8683
6473
4714
3699
2662
2686
3491
1135
9297
5802
622
4974
381
4344
8654
778
1691
2760
4003
1465
6834
3083
3215
2717
5908
7125
8611
3392
8174
6581
3126
8514
2412
4722
7459
6276
3166
7297
30
7773
5664
7784
5215
4745
759
8819
3563
6172
3659
1215
6570
5553
393
7746
3688
2382
6284
2073
2136
2348
4471
6381
1913
8582
6505
8326
1423
3624
9526
2597
349
3103
77
5435
7857
8994
7498
7681
2182
4392
182
1344
6115
7229
1654
9212
2277
7676
4625
6991
8480
1763
967
9176
7685
290
5133
2032
516
8969
9002
2372
7999
7260
8372
7538
9704
624
6194
8710
2648
7376
5900
2181
1416
9056
1996
1962
3331
728
358
7047
4914
2660
6603
7141
5240
7821
6514
7266
7694
8366
9558
1571
6209
6011
3828
8924
9973
5898
7646
1421
1044
4406
9142
4255
4624
3822
747
9513
8031
5728
1244
189
4412
6890
2546
3278
4609
7989
3660
9311
127
2251
3488
9674
7410
5780
5750
5795
9334
1505
9957
5493
9998
9366
4029
3157
4729
9450
8754
6835
6508
3256
7219
3837
1185
9892
8448
7910
8023
9304
8359
8079
4861
4184
9672
346
2708
8191
5199
5862
8151
1835
5668
4870
1154
1323
5849
5706
8768
9065
9515
8868
1385
3362
7380
9435
4341
7697
4362
6620
4462
1534
3405
2909
811
46
8486
6008
4244
4205
4899
6335
8315
4567
3587
1089
3843
1130
2722
500
2842
800
5683
8024
3645
9597
3025
6040
701
4821
2549
5210
5581
7478
8608
4630
2263
9164
1470
2561
1208
3433
1400
109
3819
3173
6759
7007
9400
3240
572
2108
7013
6908
9479
5321
7098
4328
6836
8568
168
6038
4767
1138
5943
9391
8451
2257
746
7295
1992
9439
9238
8197
2111
840
4900
3118
2509
2394
7894
3321
9281
4366
2538
3833
9341
1864
8419
1914
3537
4069
2719
6917
1957
2726
413
418
5731
5000
9251
7091
2859
5139
6709
5217
2006
697
2868
2033
4237
4939
5604
6547
6065
6892
9476
1412
672
3489
9733
7799
940
4634
4142
4871
7754
3508
3386
5233
7441
1103
2342
3601
9496
1982
3469
5312
6030
2462
1522
625
9758
2964
7945
4474
6865
233
6198
5743
463
5716
6821
9580
8196
6889
6481
6050
3452
1767
1057
4283
4021
4784
7947
4188
7268
7231
8147
3794
6271
1708
2528
7543
8458
9411
7181
571
6487
6647
4117
9621
6090
9703
7183
4572
3427
6450
7603
8498
6483
883
281
5811
4096
9676
5602
9700
4825
4989
6950
9120
1041
7800
9665
2505
5256
7778
3917
278
6322
9791
8105
3262
5380
508
2902
8735
1795
1883
9320
5651
3003
4469
3840
8409
6033
4679
1205
2041
5213
9536
9654
549
250
4526
8230
7499
1083
4617
3989
9367
6866
3539
7903
2418
4744
1579
5630
3527
9171
5570
4154
4322
5545
6796
8536
1569
8178
1286
3162
9132
8162
5567
4090
8373
4929
2733
8001
3156
9760
3190
5654
6988
447
4297
5526
1930
2831
7860
8314
7891
4492
8007
2328
7052
8587
6741
8503
7353
5023
1188
258
8673
9919
8674
589
8075
5433
8953
8651
1378
5660
6783
7316
6516
3372
8052
7053
5432
7366
5829
2644
9522
129
7323
4975
5201
7463
1354
968
8841
7220
3232
9647
1377
1356
4529
5331
4558
1945
9535
4715
2231
2178
530
9014
5579
1871
9818
4654
3638
5665
7474
5501
6026
3945
3616
7485
8235
3373
1612
7444
4761
3700
5394
8078
9177
9843
9392
7571
2406
1216
7476
1969
3964
5224
9208
8142
80
8879
3669
9329
537
8756
8899
2264
340
6063
5692
4424
3071
7110
5308
8085
6682
1149
632
5020
2908
3777
7928
9572
2957
8572
3406
6001
8010
4388
8232
4847
3665
6972
5520
6608
5424
8262
5332
8427
3516
3281
7503
4166
1801
310
438
3990
4942
5301
9138
2468
3670
664
5722
9525
496
2238
9269
9680
5396
9443
8446
8050
1308
1819
6634
3679
1637
5190
676
9598
601
1881
2723
1486
8234
8116
7475
2536
9566
9403
8973
3996
2353
795
8998
178
9086
3766
9969
8991
7160
8069
6032
3081
9921
4477
7328
1552
8946
4486
696
8928
4932
8894
1616
1939
7262
8598
6479
6056
5590
7089
398
2828
1523
771
9653
1540
2694
5064
752
7546
7524
6052
353
9685
1359
4261
1972
7966
3707
7905
3417
1332
1642
1228
8271
4675
574
8729
6899
2434
4372
4185
8155
4044
4908
3871
606
3877
7102
5243
5149
2921
5606
3678
5884
3271
8764
7344
1238
6946
2052
3004
1575
7431
8087
1333
3012
1374
8560
1365
7437
7179
729
476
9868
1190
9041
4223
678
6936
8343
3359
9467
5632
9619
3247
3916
3681
584
2120
5949
1865
1124
7674
6099
7633
8073
7079
9764
621
6635
4001
7428
1674
7277
2514
5126
9769
224
3997
5295
1586
9117
8048
54
2273
2289
3375
7873
1314
5228
5311
2291
5618
3716
4456
7271
8652
784
1019
2778
7074
6084
2858
2746
6914
7370
8529
983
7963
2048
3069
7877
3999
2080
7533
1593
2763
4374
4114
6073
5906
895
4588
6404
8447
4563
4885
7613
9684
9614
1615
8259
4810
6189
1895
5505
5503
6104
9155
2661
148
9978
208
9925
1867
6217
9288
6776
6652
7361
2314
6579
5695
7561
823
7092
4703
2002
1207
58
8347
204
9710
8883
7872
7981
7197
9279
8553
4546
8931
3941
1419
7750
4633
142
7491
3389
7937
4386
3746
3464
1532
469
5179
9996
4537
6795
4720
5418
6405
8742
6178
9955
6843
3496
882
3494
3536
1531
9123
2592
9338
7400
7713
1469
6622
4934
5847
197
7721
5097
9321
3991
3576
5797
5535
9000
6472
1071
4738
9042
8263
3398
9353
4127
6680
522
8383
4704
7377
2937
4446
3906
5039
2677
708
9433
9930
4824
9796
9616
5166
8276
2366
9369
4753
9469
9405
514
9584
4207
1646
1849
3227
6168
1816
2177
1537
5697
2612
4719
161
2478
6232
4465
6804
1995
9977
7061
8997
9448
3312
9370
1218
1243
1358
7045
7345
2200
959
3778
1219
2585
6573
9416
7417
2551
3017
1448
416
6791
1076
117
6412
6170
6857
2973
8013
3602
1519
1968
6775
4702
8748
1082
4534
1279
3994
9596
9717
1006
9929
7604
3363
9539
874
7569
7292
4987
2944
5165
9500
172
3459
6767
7893
363
3785
7790
1876
9299
4724
6670
2088
7956
2901
5053
1911
2169
3920
7032
7977
5714
1720
6555
8131
3282
9855
2547
6051
238
1682
4750
5627
5839
5855
1870
636
1977
4518
6325
8476
4602
2590
3404
135
6200
8015
1370
9125
750
9574
9068
6091
1983
5055
7711
575
2043
933
761
6684
4046
9040
3077
1077
8346
5096
5496
4145
6954
8823
8895
6436
4919
1371
8422
7667
9185
427
8592
3514
645
1417
9720
8539
1794
8888
3068
4164
2692
9691
4694
8441
6386
2207
2373
5833
9960
5296
2162
781
9343
4294
4770
3857
8990
1584
5048
7482
576
2784
5355
176
8640
2031
1555
4165
5497
9425
6042
2990
531
607
9126
8051
1515
9991
3304
8426
3750
3523
8552
815
2916
3314
4176
9705
2331
5060
6894
4592
1678
2012
1843
9594
5891
5258
5406
5791
547
8215
738
2571
6971
5528
2953
6628
8853
4144
7810
6699
5095
91
29
7188
6631
3062
3426
1731
3769
7688
8610
7559
170
7817
7618
3033
7451
7959
8828
3961
5386
6982
5858
9749
1823
1169
4646
3022
3280
826
4373
5395
6651
5471
4607
1484
8380
8287
1661
2974
1641
6951
8728
1679
1693
6087
5947
1748
985
5349
5902
5428
7309
307
9408
8786
8042
3854
316
9719
3210
7509
6256
1444
5434
9417
5130
4691
3181
6054
7580
1924
8873
8983
9031
8260
2113
196
5359
2541
6439
9761
5439
232
2588
9610
5888
2772
552
3463
4315
919
84
4615
2476
5864
7469
7700
9992
8492
7065
5342
6407
6351
7544
2369
8942
4280
9532
2688
9816
3490
1727
5197
4428
749
6771
1091
3267
3021
3143
8036
5021
8551
6977
8515
8473
9878
2087
2336
70
9650
6451
9260
7597
3987
2747
2679
7898
5463
7594
2482
8440
4594
5739
7218
7085
5326
1831
4548
2738
6329
8066
4627
583
3409
3390
9708
3811
1158
9784
9770
6931
1915
1478
226
8181
6939
6372
6337
6096
9537
3556
3478
9645
5782
8638
3086
6135
5241
920
812
1711
1014
294
4638
2071
5307
2089
5565
7004
216
9218
5636
4623
5484
8803
4419
2350
9229
6911
5486
1347
7352
4293
7115
3745
9897
9542
5416
1298
2833
8216
6401
8240
4264
8107
1441
9648
2010
2506
344
949
1161
2557
7948
7984
8658
5994
2441
4579
6290
8847
6269
3705
5933
8335
1670
8867
762
3565
3295
4519
2265
3761
6959
9964
8136
7907
7607
5603
5191
5225
2802
6553
3042
4336
7916
4982
6955
9595
2914
5465
6113
6945
9074
209
3890
2952
2924
2624
6507
5757
8482
4573
8204
3428
7836
9215
6120
7416
6551
4713
9636
4846
5309
3646
5968
1483
6176
4364
4309
3430
3540
1325
8297
5509
2961
302
284
6190
6175
8111
3106
1430
868
4082
1173
744
4566
4399
4226
7876
5274
7209
2526
997
160
3589
5464
4241
4173
60
7001
424
1455
6491
4055
7517
221
670
2871
2019
8429
4438
548
7570
9234
1222
3483
953
7950
1838
4894
6512
2341
2125
8730
5956
7211
8665
6511
301
7608
4736
5330
688
6925
1773
8224
1118
9863
8837
6738
4199
259
3467
2680
1927
2851
7505
2258
6696
4066
3790
3460
408
2053
4267
6277
7816
937
3926
5863
9798
133
5539
1121
565
1479
1110
1775
7767
5268
9340
7306
1846
1628
4351
6315
3663
3946
999
9976
385
5736
2583
7281
421
9376
28
7086
7283
5572
1638
2855
5961
2424
7420
430
7723
2636
9485
8252
499
9064
4339
7912
5628
324
3818
6559
8713
9129
2118
9162
5556
7489
4197
1514
8719
6371
4605
1978
7623
9445
6803
6044
3410
4854
4067
5924
3184
9291
9854
1494
2770
7739
6979
4832
7986
18
7844
2888
1817
1403
4896
6369
1573
5941
6463
6686
8860
579
1087
1818
6906
8190
4733
3970
5115
8918
3349
5726
1948
2638
8887
3619
1663
4897
7879
2988
4455
1717
5253
5643
5682
1410
6639
6806
8772
3611
4944
8047
3296
151
9823
1714
7384
3771
3924
8591
8851
6075
9080
7706
6388
5004
543
7729
3517
4215
5515
6336
7204
7424
5468
4221
4196
1734
7178
7342
5772
9942
6891
6144
4047
4282
3590
4743
4996
3019
5245
206
5063
5155
3235
862
3340
5821
8289
2594
8384
5552
6578
2508
6122
3024
8413
7051
8184
9025
5012
6542
2237
3634
9698
446
4356
2191
1428
5964
9617
1166
8115
7847
3194
2141
8889
3187
9255
2741
943
6311
9856
1199
3096
9211
2542
9950
3030
5013
2047
3947
599
3001
8290
4152
5940
725
8145
3653
5781
2101
2801
5974
9364
4561
7232
2829
1907
3313
9240
7915
6970
739
9832
8525
7230
886
3721
3951
4708
5140
8112
4787
6644
7198
47
5992
6205
2295
2064
1013
382
8462
4754
3861
3588
867
6675
2949
6501
5666
3108
5838
9651
374
7175
3762
6421
4666
987
5530
8574
8647
6018
4532
1381
1107
7883
5830
1590
7719
7557
6077
356
5854
6704
2572
1232
152
4815
49
8186
7521
5975
9205
7573
2889
9988
1250
9578
5173
9934
1432
7223
9038
7992
1407
4157
7067
8165
17
1888
4739
6909
8970
4088
9557
3872
9576
3809
4938
7972
5907
7038
9568
9836
6191
6611
1481
1807
4970
955
4581
5742
9523
7507
734
9244
1067
1104
5585
8351
935
8139
9295
8218
7595
1482
7368
2124
4521
6957
6114
6672
3614
9186
7226
6703
4409
4213
5208
6681
3395
7320
6022
6103
3635
485
1001
3898
633
2822
3724
6215
6074
397
9337
9834
5237
1012
6927
8900
9373
2865
2340
1488
9551
2669
8059
5407
5001
3348
8634
3
3104
7216
6316
6528
4577
9819
9112
5338
3048
6576
5977
5347
7275
704
8949
1974
1608
2834
5764
5701
461
107
7838
9948
1941
6029
475
1182
963
2433
2664
596
6921
7388
1031
9979
877
3621
7659
7090
237
7718
3735
2716
4359
2166
7763
5372
566
4302
2701
977
2140
3583
51
2239
7941
1510
5659
3740
8849
8273
9729
9783
9477
4342
4454
9646
995
2081
6700
5774
9593
618
5065
9975
931
6411
7880
5010
6732
9051
6433
8030
8844
5729
4497
9413
1042
1742
149
4785
1784
2153
4402
3177
3749
7761
265
9039
2950
4545
7039
507
9017
896
4161
8935
5491
2673
7637
6742
1120
971
3432
7433
9747
6173
323
9641
8791
6802
6885
703
9599
19
4538
1776
4809
9099
5980
7314
2326
2446
3250
6996
2524
6973
4597
4181
5265
7337
5925
7104
1617
5827
3816
1025
1706
5687
7213
1666
3305
5226
5234
3354
6840
5040
6853
8279
9216
5483
3899
3992
6858
1162
4501
9762
8773
9133
4984
9316
6395
1
7547
6605
8712
3786
6323
6779
6086
1221
5756
6875
1301
4231
6456
1985
6610
6626
8225
5717
5872
1070
731
5078
9541
2447
2262
8874
5758
7988
4842
2467
6867
3242
7516
6863
6883
5362
9742
9510
9759
6722
6985
1171
8856
321
5853
8039
2066
7313
3152
1474
9037
3097
6730
53
7269
4990
8682
8781
2966
1334
5778
7536
4803
1560
1833
5620
7850
2787
6219
9098
3484
7249
2854
9982
8499
1255
1092
994
2623
1518
2170
604
853
26
7861
2699
7616
7993
4794
4505
3600
4416
6600
106
875
6499
5623
6726
7282
8355
4020
6646
5836
6587
7365
460
986
4206
5019
6755
185
3931
3927
2173
9932
1703
1722
5820
9407
3209
9866
6257
9307
557
3831
3979
1204
8964
2985
3216
8812
3223
7962
727
832
7835
6584
6966
7523
6124
5499
8491
5198
7579
2203
3528
2767
7202
1266
9837
9054
4740
5022
3515
8800
6820
5679
4393
1475
1197
8678
7386
9356
2734
1139
5629
1225
5336
711
4949
8198
5481
5824
8237
928
7246
2745
2781
5156
2283
7134
8362
9885
6609
190
1700
2852
4299
7855
8632
3018
3955
3552
7734
2092
6794
1781
292
428
1618
5525
2978
1357
9713
8176
7525
2517
6416
2321
2487
1406
3168
9236
4748
9586
8070
4133
1145
20
6248
5531
6394
311
3119
412
5746
6392
1338
6139
5686
231
1331
2695
3076
180
1043
3561
3639
1998
7924
3481
2138
6448
2308
4775
1899
7011
8141
7288
2253
2421
3051
4494
590
9170
7866
3446
5480
6435
9965
3437
5194
1011
816
7558
9424
8613
7744
8583
4655
2504
7206
1289
8319
1464
1024
6344
7008
5377
2926
6612
6362
4033
6893
4582
5521
5760
5235
4032
8453
479
57
942
6288
8760
1240
6111
4849
6864
6558
8532
613
4390
4304
4578
7777
8504
5771
6860
9294
2145
2550
2681
6650
2815
4076
2155
3765
5694
1976
5727
4600
9657
2703
9357
8763
4120
7762
4251
4084
7826
1951
6339
3784
9067
6162
6664
3360
4499
4835
1770
5657
2167
7660
2534
898
5655
4105
9565
2602
8511
8238
7642
1387
9633
379
9089
5318
5929
7535
8430
6283
1777
5997
8662
9735
4153
4130
3830
629
3418
6422
8025
3298
9309
1399
3225
4909
8046
960
3147
5783
1694
7049
9782
406
4921
7635
1909
2530
3903
1073
7031
6145
3671
3115
9375
105
1262
6614
215
3826
255
4957
7551
7619
2740
602
3038
4214
4125
3014
5881
8717
6486
2934
6583
4118
3180
3169
61
2122
6752
3123
8327
2930
1822
7920
1629
7628
962
2629
6582
3082
4253
1897
330
3965
7133
7167
818
7824
847
5946
6088
4569
9824
6561
4324
9983
9655
8594
6748
957
2920
5914
5519
9848
9081
92
3668
1986
339
7465
7901
1288
3307
5812
6137
768
4063
2360
1525
3728
3733
3957
4612
4855
6289
108
9570
2390
2419
7072
9073
1084
578
1869
1513
6965
3198
3114
4078
6526
3905
7408
7584
8872
6078
8049
3420
974
6387
7208
6220
6211
831
7856
5221
6814
9277
8394
1039
9254
9232
4903
5113
4278
5283
2869
6667
2553
1305
7839
8370
7793
2687
7120
9922
6429
3690
402
8542
21
9815
315
9999
6832
4819
6778
5885
8600
806
6470
359
3654
7772
6874
8381
6807
9726
7030
303
6305
6070
8534
5725
5785
3311
9124
6976
7193
352
9097
6314
2897
6910
2743
5413
8838
2209
264
8876
8795
9442
6747
5810
5915
1810
3148
4219
76
9659
515
1769
7017
2620
65
5482
2179
1858
5807
9765
563
969
1180
5328
9911
8740
3193
7165
7362
1136
2085
4928
5123
1908
6949
8855
2525
1164
2
1917
7443
488
5392
4551
3525
1316
1146
8464
8848
4892
9471
2330
891
144
3291
2560
6476
386
7968
924
1542
9486
4610
663
4851
6848
6952
5803
619
5369
2384
1561
113
3925
6852
9335
5965
7308
9908
5081
4006
8545
6197
3907
5378
4367
7066
8341
2510
1879
2715
3269
1032
4131
6285
1045
6370
9154
6881
6509
7545
639
7075
8388
7765
1861
1198
8352
7394
401
2130
2922
8677
4314
5806
1894
1841
1684
4531
9230
2409
2986
7927
5148
3797
4642
3652
861
2861
709
3265
4799
8254
9328
4466
2731
6735
2578
2327
6648
5766
5426
3773
1565
4097
4183
7238
5723
5512
2545
8940
8072
4858
8810
9127
320
3300
1760
6964
6153
332
7312
9683
8920
6734
719
2634
1029
4668
2982
4111
3199
8250
407
9330
7307
4192
5715
9226
3754
2455
3806
2453
1758
8597
8435
3738
5607
9895
5563
4291
2600
7581
2575
4493
2303
9455
8818
3088
9870
6254
809
1685
3585
4323
2684
8625
9122
775
3407
9697
4375
5784
2183
2529
1981
9239
8530
5303
1859
2863
1550
9927
3509
8484
8986
7467
9709
3449
8281
7254
75
4447
1607
7572
7158
4495
4862
2761
6918
4245
4585
1167
9345
2399
5730
3531
2940
3135
174
5315
2387
8782
634
851
6059
720
736
5548
545
1892
9693
5860
9625
6161
5733
2675
9585
8098
9397
1330
9833
1808
1990
3378
4025
3402
7142
388
1906
4040
9298
7132
3695
4995
3551
5769
5206
3560
988
230
1459
6895
7276
890
1757
1003
6962
8017
3297
8607
3507
4014
5963
5254
4371
9152
6151
3522
7215
1088
6677
7983
7732
1933
7760
27
2580
3370
6069
9284
8200
6181
7935
1704
8483
1582
7895
9789
1804
5840
7751
9351
4517
306
6692
4652
7627
4910
9517
1934
7932
7890
4725
3070
2411
8120
1814
8643
6689
5073
1798
7624
4616
5203
6247
5159
42
6943
2121
94
5696
5360
3303
4641
3442
4187
5400
1676
1882
5067
9326
6258
8630
3434
195
3353
7483
1900
8091
7070
682
9278
163
2104
9835
25
3047
7131
6992
9554
72
6164
3944
2727
1147
1692
3689
4963
2654
9826
9943
8474
1456
5361
794
4976
5050
6668
3581
1038
6458
3839
9702
5475
6630
7321
1874
6541
3936
181
2018
7583
3429
1681
534
2947
2785
1339
1538
5009
6758
1672
799
6897
7487
635
1782
6484
8687
2610
1713
679
8044
8675
7024
6935
9590
5247
5108
7858
4695
153
156
4884
4059
7279
2706
1701
5988
8518
5890
1431
2879
5938
5816
2555
5212
7267
3913
3320
8979
8307
498
8219
1324
8
5537
4015
4347
1021
2236
569
4138
3612
6506
6475
2133
1023
3836
567
6812
2714
3729
2246
7768
8649
5801
3037
6781
9694
872
9548
1427
2180
2713
2962
5877
7155
2627
6744
4268
9286
2748
3628
1500
948
1568
2753
4893
9809
8814
9529
8590
1269
183
2874
5502
1860
593
5867
551
9447
6066
491
8778
2643
5973
8497
651
904
7291
8831
4054
5083
3189
8487
3356
2759
2188
9736
1811
8714
9157
2030
8957
9339
6693
9890
4189
3316
1551
814
3958
908
2574
9953
4807
5152
1100
3852
3869
9827
3039
3820
3595
7976
9746
3502
8667
8342
6146
1912
1599
8021
7290
5188
1048
1796
9867
293
7379
640
6025
1096
7755
8859
9666
9563
1747
9156
6227
9266
9048
493
451
6123
1123
6550
4912
992
6716
3171
5370
8495
3438
2315
8494
9061
9446
4482
8692
6774
2117
1340
5873
6994
7058
4060
5042
6367
2198
9354
1622
8681
2584
9728
6182
9569
4887
3080
9201
3475
833
3825
5350
2806
1729
8303
1896
609
3608
2211
9183
912
1746
1246
9360
9456
5037
1557
8886
1133
5204
7683
7775
8698
8374
5989
1938
5705
432
1675
282
5054
9946
8269
1017
2931
4931
927
544
4024
9195
4
5597
9358
6340
1284
9204
9305
6218
495
707
275
3599
4126
9660
2278
6861
3803
1000
8850
9190
6941
3895
7806
9613
7317
8416
4425
2096
8706
8653
9237
5720
4759
9431
7015
9434
5543
5598
836
945
4587
6272
9402
4441
3368
2518
9813
5260
6938
6347
3078
2521
3344
6613
5529
9756
5748
6462
7106
6255
4262
3755
1020
4902
5561
4061
7121
2380
4663
7294
4595
7562
7614
2365
1447
5909
2472
3594
1875
6356
1390
1189
8676
4875
6375
4397
8733
9533
5343
2939
726
3336
9889
4045
3040
9217
4758
8461
235
8404
3285
7162
5593
4981
4394
1619
3027
8925
229
12
3643
4284
8266
6926
4863
4056
1181
5711
807
568
8794
888
4239
417
1572
132
8411
1422
4686
7189
6990
8058
5631
8912
6489
5014
5551
8223
9088
4150
1466
5649
610
1440
2586
4234
8157
869
89
5425
5371
5645
1226
5448
8516
7473
5648
4191
870
684
8161
3915
8379
5205
4475
7050
8596
4275
760
8505
9876
2511
5282
6683
5357
2543
1576
2948
5006
2078
1669
7563
9382
7311
39
1785
7273
6625
7166
804
7170
3139
5573
714
8523
7622
2862
8834
200
7610
7549
8776
4632
5819
6267
1603
288
9875
3238
7578
4911
923
1326
3283
8364
4333
1850
9935
6762
5033
2880
6134
5120
8164
1034
2285
7978
6841
4979
8246
4726
270
9118
3504
1476
3827
8143
6180
7678
4305
5122
2631
3294
9550
4746
5324
5352
6659
4833
7882
8695
9745
4985
403
8241
3186
9393
4560
1980
5633
4922
7495
7518
7083
9968
9144
2228
7868
4511
1275
4905
4049
5569
470
9013
8018
6740
350
9336
2375
8488
3914
7402
6589
4008
9772
8836
6653
3230
384
5487
2563
362
7859
8656
1806
3134
6041
6987
5227
9811
1119
1383
4335
6023
1632
5955
4148
3454
7251
5571
1792
5638
3355
5670
1159
8020
3292
399
2841
6237
4094
4535
7107
2143
7699
5533
9044
2615
4620
6845
6020
6396
5673
1372
4053
7248
5834
271
4756
1463
9615
9629
6312
3727
5546
939
3570
4276
9420
6488
7111
7046
6903
5702
9116
6660
5249
8386
7829
1172
7576
2783
7035
4162
5222
9036
605
9722
7128
5269
595
7250
646
3866
6399
252
6543
4687
591
4236
6948
899
820
4058
4781
5896
3136
7486
6751
3468
3124
5942
2259
6131
1624
4840
4864
3424
6418
7205
4923
5800
9352
9475
5685
8188
8963
8655
9258
3243
2780
5267
8084
3087
4966
5450
5192
5513
2786
4257
2152
2194
5419
5074
3710
7256
6350
2379
8094
1345
5642
553
9057
3972
8475
6824
4350
8863
1111
8937
8412
8130
9944
843
3415
521
9280
4935
2896
1975
5414
9381
9503
863
3524
9438
1880
666
6517
6766
3566
4272
4593
529
497
526
7853
758
1834
8320
8103
426
7970
598
5207
3167
8604
2757
9744
5547
5971
9427
8626
6465
3212
1533
6354
9221
1929
6574
3002
9075
677
9247
9308
5459
1754
2599
5460
9441
792
1078
2556
8306
1583
1511
8185
8862
3860
8410
8531
8092
8459
6414
9926
2582
6983
8956
2309
8286
9158
5675
6733
5842
4882
1200
1967
1319
7506
2910
162
7169
7823
1884
7587
7010
4959
7552
2992
4102
3249
1291
8762
947
8644
8588
8745
9107
6797
242
5231
2266
5920
3341
5028
2938
3858
564
7994
3976
4598
2294
3571
6158
2293
7027
7480
4435
5591
5996
1395
9793
689
7077
7154
7585
3760
9180
1033
6728
3333
6046
8685
2742
7139
721
4415
5676
7059
5158
6902
2436
6567
8377
7869
2098
9213
